# vtk DataFile Version 1.0
vtk input
ASCII
DATASET STRUCTURED_POINTS
DIMENSIONS 16 21 18
SPACING 4.000000 4.000000 4.000000
ORIGIN 0 0 0
POINT_DATA 6048
SCALARS distance float 1
LOOKUP_TABLE default
0.000000000 0.000000000 0.000000000 0.000000000 0.000000000 0.000000000 12.594266793 12.066738220 12.066738220 12.594266793 0.000000000 0.000000000 0.000000000 0.000000000 0.000000000 0.000000000 
0.000000000 0.000000000 0.000000000 0.000000000 11.529782262 9.856968780 8.683338224 8.076864451 8.076864451 8.683338224 9.856968780 11.529782262 0.000000000 0.000000000 0.000000000 0.000000000 
0.000000000 0.000000000 0.000000000 10.425359054 8.076854483 6.166105907 4.803746110 4.091075092 4.091075092 4.803746110 6.166105907 8.076854483 10.425359054 0.000000000 0.000000000 0.000000000 
0.000000000 0.000000000 10.425359054 7.455844123 4.803581678 2.591502271 0.973966016 0.119210202 0.119210202 0.973966016 2.591502271 4.803581678 7.455844123 10.425359054 0.000000000 0.000000000 
0.000000000 11.529782262 8.076854483 4.803581678 1.798989873 0.000000000 0.000000000 0.000000000 0.000000000 0.000000000 0.000000000 1.798989873 4.803581678 8.076854483 11.529782262 0.000000000 
0.000000000 9.856968780 6.166105907 2.591502271 0.000000000 0.000000000 0.000000000 0.000000000 0.000000000 0.000000000 0.000000000 0.000000000 2.591502271 6.166105907 9.856968780 0.000000000 
12.594266793 8.683338224 4.803746110 0.973966016 0.000000000 0.000000000 0.000000000 0.000000000 0.000000000 0.000000000 0.000000000 0.000000000 0.973966016 4.803746110 8.683338224 12.594266793 
12.066738220 8.076864451 4.091075092 0.119210202 0.000000000 0.000000000 0.000000000 0.000000000 0.000000000 0.000000000 0.000000000 0.000000000 0.119210202 4.091075092 8.076864451 12.066738220 
12.066738220 8.076864451 4.091075092 0.119210202 0.000000000 0.000000000 0.000000000 0.000000000 0.000000000 0.000000000 0.000000000 0.000000000 0.119210202 4.091075092 8.076864451 12.066738220 
12.594266793 8.683338224 4.803746110 0.973966016 0.000000000 0.000000000 0.000000000 0.000000000 0.000000000 0.000000000 0.000000000 0.000000000 0.973966016 4.803746110 8.683338224 12.594266793 
13.622812350 9.856968780 6.166105907 2.591502271 0.000000000 0.000000000 0.000000000 0.000000000 0.000000000 0.000000000 0.000000000 0.000000000 2.591502271 6.166105907 9.856968780 13.622812350 
0.000000000 8.841723715 7.403517475 4.803581678 1.798989873 0.000000000 0.000000000 0.000000000 0.000000000 0.000000000 0.000000000 1.798989873 4.803581678 7.403517475 8.841723715 0.000000000 
0.000000000 5.950421475 3.470375841 4.547471960 4.803581678 2.591502271 0.973966016 0.119210202 0.119210202 0.973966016 2.591502271 4.803581678 4.547471960 3.470375841 5.950421475 0.000000000 
0.000000000 4.929391181 1.020469593 1.574860524 3.923344307 5.833932644 4.803746110 4.091075092 4.091075092 4.803746110 5.833932644 3.923344307 1.574860524 1.020469593 4.929391181 0.000000000 
0.000000000 6.038787294 2.263088812 0.000000000 0.475883412 2.144696375 3.316715923 3.923378510 3.923378510 3.316715923 2.144696375 0.475883412 0.000000000 2.263088812 6.038787294 0.000000000 
0.000000000 0.000000000 3.741049369 0.101771510 0.000000000 0.000000000 0.599383103 0.101417277 0.101417277 0.599383103 0.000000000 0.000000000 0.101771510 3.741049369 0.000000000 0.000000000 
0.000000000 0.000000000 5.466089796 1.957853914 0.000000000 0.000000000 0.000000000 0.000000000 0.000000000 0.000000000 0.000000000 0.000000000 1.957853914 5.466089796 0.000000000 0.000000000 
0.000000000 0.000000000 0.000000000 4.096429021 0.889699486 0.000000000 0.000000000 0.000000000 0.000000000 0.000000000 0.000000000 0.889699486 4.096429021 0.000000000 0.000000000 0.000000000 
0.000000000 0.000000000 0.000000000 6.512743316 3.537651597 0.843152214 0.000000000 0.000000000 0.000000000 0.000000000 0.843152214 3.537651597 6.512743316 0.000000000 0.000000000 0.000000000 
0.000000000 0.000000000 0.000000000 0.000000000 6.470722362 4.086390046 2.218940407 1.144101679 1.144101679 2.218940407 4.086390046 6.470722362 0.000000000 0.000000000 0.000000000 0.000000000 
0.000000000 0.000000000 0.000000000 0.000000000 0.000000000 0.000000000 5.972146474 5.112596177 5.112596177 5.972146474 0.000000000 0.000000000 0.000000000 0.000000000 0.000000000 0.000000000 
0.000000000 0.000000000 0.000000000 0.000000000 0.000000000 0.000000000 12.634654549 12.107179585 12.107179585 12.634654549 0.000000000 0.000000000 0.000000000 0.000000000 0.000000000 0.000000000 
0.000000000 0.000000000 0.000000000 0.000000000 11.570283240 9.897696401 8.724278235 8.117937263 8.117937263 8.724278235 9.897696401 11.570283240 0.000000000 0.000000000 0.000000000 0.000000000 
0.000000000 0.000000000 0.000000000 10.466002452 8.117927367 6.207768434 4.846110419 4.133990886 4.133990886 4.846110419 6.207768434 8.117927367 10.466002452 0.000000000 0.000000000 0.000000000 
0.000000000 0.000000000 10.466002452 7.497075944 4.845947779 2.634478344 1.016942309 0.160012516 0.160012516 1.016942309 2.634478344 4.845947779 7.497075944 10.466002452 0.000000000 0.000000000 
0.000000000 11.570283240 8.117927367 4.845947779 1.841972915 0.000000000 0.000000000 0.000000000 0.000000000 0.000000000 0.000000000 1.841972915 4.845947779 8.117927367 11.570283240 0.000000000 
0.000000000 9.897696401 6.207768434 2.634478344 0.000000000 0.000000000 0.000000000 0.000000000 0.000000000 0.000000000 0.000000000 0.000000000 2.634478344 6.207768434 9.897696401 0.000000000 
12.634654549 8.724278235 4.846110419 1.016942309 0.000000000 0.000000000 0.000000000 0.000000000 0.000000000 0.000000000 0.000000000 0.000000000 1.016942309 4.846110419 8.724278235 12.634654549 
12.107179585 8.117937263 4.133990886 0.160012516 0.000000000 0.000000000 0.000000000 0.000000000 0.000000000 0.000000000 0.000000000 0.000000000 0.160012516 4.133990886 8.117937263 12.107179585 
12.107179585 8.117937263 4.133990886 0.160012516 0.000000000 0.000000000 0.000000000 0.000000000 0.000000000 0.000000000 0.000000000 0.000000000 0.160012516 4.133990886 8.117937263 12.107179585 
12.634654549 8.724278235 4.846110419 1.016942309 0.000000000 0.000000000 0.000000000 0.000000000 0.000000000 0.000000000 0.000000000 0.000000000 1.016942309 4.846110419 8.724278235 12.634654549 
13.663025986 9.897696401 6.207768434 2.634478344 0.000000000 0.000000000 0.000000000 0.000000000 0.000000000 0.000000000 0.000000000 0.000000000 2.634478344 6.207768434 9.897696401 13.663025986 
0.000000000 8.832359287 7.372680790 4.845947779 1.841972915 0.000000000 0.000000000 0.000000000 0.000000000 0.000000000 0.000000000 1.841972915 4.845947779 7.372680790 8.832359287 0.000000000 
0.000000000 5.959444020 3.446942065 4.497516006 4.845947779 2.634478344 1.016942309 0.160012516 0.160012516 1.016942309 2.634478344 4.845947779 4.497516006 3.446942065 5.959444020 0.000000000 
0.000000000 4.991823177 1.095683050 1.527538308 3.873910818 5.783178573 4.846110419 4.133990886 4.133990886 4.846110419 5.783178573 3.873910818 1.527538308 1.095683050 4.991823177 0.000000000 
0.000000000 6.108870213 2.335567341 0.000000000 0.430761983 2.097229549 3.268022461 3.873945395 3.873945395 3.268022461 2.097229549 0.430761983 0.000000000 2.335567341 6.108870213 0.000000000 
0.000000000 0.000000000 3.817400067 0.199244763 0.000000000 0.000000000 0.648413058 0.144472408 0.144472408 0.648413058 0.000000000 0.000000000 0.199244763 3.817400067 0.000000000 0.000000000 
0.000000000 0.000000000 5.544496898 2.041740400 0.000000000 0.000000000 0.000000000 0.000000000 0.000000000 0.000000000 0.000000000 0.000000000 2.041740400 5.544496898 0.000000000 0.000000000 
0.000000000 0.000000000 0.000000000 4.181406303 0.980288614 0.000000000 0.000000000 0.000000000 0.000000000 0.000000000 0.000000000 0.980288614 4.181406303 0.000000000 0.000000000 0.000000000 
0.000000000 0.000000000 0.000000000 6.600028945 3.632094567 0.946483690 0.000000000 0.000000000 0.000000000 0.000000000 0.946483690 3.632094567 6.600028945 0.000000000 0.000000000 0.000000000 
0.000000000 0.000000000 0.000000000 0.000000000 6.566329237 4.190775469 2.331488231 1.264491593 1.264491593 2.331488231 4.190775469 6.566329237 0.000000000 0.000000000 0.000000000 0.000000000 
0.000000000 0.000000000 0.000000000 0.000000000 0.000000000 0.000000000 6.081940874 5.226444360 5.226444360 6.081940874 0.000000000 0.000000000 0.000000000 0.000000000 0.000000000 0.000000000 
0.000000000 0.000000000 0.000000000 0.000000000 0.000000000 0.000000000 0.000000000 12.228218352 12.228218352 0.000000000 0.000000000 0.000000000 0.000000000 0.000000000 0.000000000 0.000000000 
0.000000000 0.000000000 0.000000000 0.000000000 11.691830723 10.020233229 8.847509982 8.241602295 8.241602295 8.847509982 10.020233229 11.691830723 0.000000000 0.000000000 0.000000000 0.000000000 
0.000000000 0.000000000 0.000000000 10.588262351 8.241592611 6.332907143 4.971308367 4.259229942 4.259229942 4.971308367 6.332907143 8.241592611 10.588262351 0.000000000 0.000000000 0.000000000 
0.000000000 0.000000000 10.588262351 7.621257935 4.971150926 2.761928371 1.145642035 0.285963981 0.285963981 1.145642035 2.761928371 4.971150926 7.621257935 10.588262351 0.000000000 0.000000000 
0.000000000 11.691830723 8.241592611 4.971150926 1.970701118 0.000000000 0.000000000 0.000000000 0.000000000 0.000000000 0.000000000 1.970701118 4.971150926 8.241592611 11.691830723 0.000000000 
0.000000000 10.020233229 6.332907143 2.761928371 0.000000000 0.000000000 0.000000000 0.000000000 0.000000000 0.000000000 0.000000000 0.000000000 2.761928371 6.332907143 10.020233229 0.000000000 
0.000000000 8.847509982 4.971308367 1.145642035 0.000000000 0.000000000 0.000000000 0.000000000 0.000000000 0.000000000 0.000000000 0.000000000 1.145642035 4.971308367 8.847509982 0.000000000 
12.228218352 8.241602295 4.259229942 0.285963981 0.000000000 0.000000000 0.000000000 0.000000000 0.000000000 0.000000000 0.000000000 0.000000000 0.285963981 4.259229942 8.241602295 12.228218352 
12.228218352 8.241602295 4.259229942 0.285963981 0.000000000 0.000000000 0.000000000 0.000000000 0.000000000 0.000000000 0.000000000 0.000000000 0.285963981 4.259229942 8.241602295 12.228218352 
12.755235238 8.847509982 4.971308367 1.145642035 0.000000000 0.000000000 0.000000000 0.000000000 0.000000000 0.000000000 0.000000000 0.000000000 1.145642035 4.971308367 8.847509982 12.755235238 
0.000000000 10.020233229 6.332907143 2.761928371 0.000000000 0.000000000 0.000000000 0.000000000 0.000000000 0.000000000 0.000000000 0.000000000 2.761928371 6.332907143 10.020233229 0.000000000 
0.000000000 8.988412065 7.431052114 4.971150926 1.970701118 0.000000000 0.000000000 0.000000000 0.000000000 0.000000000 0.000000000 1.970701118 4.971150926 7.431052114 8.988412065 0.000000000 
0.000000000 6.172164973 3.543342669 4.357093223 4.971150926 2.761928371 1.145642035 0.285963981 0.285963981 1.145642035 2.761928371 4.971150926 4.357093223 3.543342669 6.172164973 0.000000000 
0.000000000 5.220948420 1.308781341 1.377543333 3.722791087 5.630493839 4.971308367 4.259229942 4.259229942 4.971308367 5.630493839 3.722791087 1.377543333 1.308781341 5.220948420 0.000000000 
0.000000000 6.320306581 2.558512833 0.000000000 0.301652831 1.946000786 3.116524660 3.722826888 3.722826888 3.116524660 1.946000786 0.301652831 0.000000000 2.558512833 6.320306581 0.000000000 
0.000000000 0.000000000 4.043657608 0.422431163 0.000000000 0.000000000 0.000000000 0.287261107 0.287261107 0.000000000 0.000000000 0.000000000 0.422431163 4.043657608 0.000000000 0.000000000 
0.000000000 0.000000000 5.776369155 2.288214703 0.000000000 0.000000000 0.000000000 0.000000000 0.000000000 0.000000000 0.000000000 0.000000000 2.288214703 5.776369155 0.000000000 0.000000000 
0.000000000 0.000000000 0.000000000 4.437415259 1.258062484 0.000000000 0.000000000 0.000000000 0.000000000 0.000000000 0.000000000 1.258062484 4.437415259 0.000000000 0.000000000 0.000000000 
0.000000000 0.000000000 0.000000000 0.000000000 3.915876584 1.260030644 0.000000000 0.000000000 0.000000000 0.000000000 1.260030644 3.915876584 0.000000000 0.000000000 0.000000000 0.000000000 
0.000000000 0.000000000 0.000000000 0.000000000 6.854228730 4.502641706 2.671696876 1.624915137 1.624915137 2.671696876 4.502641706 6.854228730 0.000000000 0.000000000 0.000000000 0.000000000 
0.000000000 0.000000000 0.000000000 0.000000000 0.000000000 0.000000000 6.408782423 5.567684228 5.567684228 6.408782423 0.000000000 0.000000000 0.000000000 0.000000000 0.000000000 0.000000000 
0.000000000 0.000000000 0.000000000 0.000000000 0.000000000 0.000000000 0.000000000 12.431229408 12.431229408 0.000000000 0.000000000 0.000000000 0.000000000 0.000000000 0.000000000 0.000000000 
0.000000000 0.000000000 0.000000000 0.000000000 11.895362859 10.225710999 9.054339242 8.449269632 8.449269632 9.054339242 10.225710999 11.895362859 0.000000000 0.000000000 0.000000000 0.000000000 
0.000000000 0.000000000 0.000000000 10.793196931 8.449260289 6.542006217 5.183121382 4.471384725 4.471384725 5.183121382 6.542006217 8.449260289 10.793196931 0.000000000 0.000000000 0.000000000 
0.000000000 0.000000000 10.793196931 7.829556180 5.182972056 2.975019043 1.360742109 0.501819960 0.501819960 1.360742109 2.975019043 5.182972056 7.829556180 10.793196931 0.000000000 0.000000000 
0.000000000 11.895362859 8.449260289 5.182972056 2.185356555 0.000000000 0.000000000 0.000000000 0.000000000 0.000000000 0.000000000 2.185356555 5.182972056 8.449260289 11.895362859 0.000000000 
0.000000000 10.225710999 6.542006217 2.975019043 0.000000000 0.000000000 0.000000000 0.000000000 0.000000000 0.000000000 0.000000000 0.000000000 2.975019043 6.542006217 10.225710999 0.000000000 
0.000000000 9.054339242 5.183121382 1.360742109 0.000000000 0.000000000 0.000000000 0.000000000 0.000000000 0.000000000 0.000000000 0.000000000 1.360742109 5.183121382 9.054339242 0.000000000 
12.431229408 8.449269632 4.471384725 0.501819960 0.000000000 0.000000000 0.000000000 0.000000000 0.000000000 0.000000000 0.000000000 0.000000000 0.501819960 4.471384725 8.449269632 12.431229408 
12.431229408 8.449269632 4.471384725 0.501819960 0.000000000 0.000000000 0.000000000 0.000000000 0.000000000 0.000000000 0.000000000 0.000000000 0.501819960 4.471384725 8.449269632 12.431229408 
0.000000000 9.054339242 5.183121382 1.360742109 0.000000000 0.000000000 0.000000000 0.000000000 0.000000000 0.000000000 0.000000000 0.000000000 1.360742109 5.183121382 9.054339242 0.000000000 
0.000000000 10.225710999 6.542006217 2.975019043 0.000000000 0.000000000 0.000000000 0.000000000 0.000000000 0.000000000 0.000000000 0.000000000 2.975019043 6.542006217 10.225710999 0.000000000 
0.000000000 9.143937927 7.469005479 5.182972056 2.185356555 0.000000000 0.000000000 0.000000000 0.000000000 0.000000000 0.000000000 2.185356555 5.182972056 7.469005479 9.143937927 0.000000000 
0.000000000 6.413131919 3.647287079 4.129557663 5.182972056 2.975019043 1.360742109 0.501819960 0.501819960 1.360742109 2.975019043 5.182972056 4.129557663 3.647287079 6.413131919 0.000000000 
0.000000000 5.535785509 1.672944531 1.128759755 3.469428212 5.374643782 5.183121382 4.471384725 4.471384725 5.183121382 5.374643782 3.469428212 1.128759755 1.672944531 5.535785509 0.000000000 
0.000000000 0.000000000 2.927866347 0.000000000 0.083309548 1.698697312 2.864723584 3.469466292 3.469466292 2.864723584 1.698697312 0.083309548 0.000000000 2.927866347 0.000000000 0.000000000 
0.000000000 0.000000000 4.423310207 0.824376848 0.000000000 0.000000000 0.000000000 0.520078403 0.520078403 0.000000000 0.000000000 0.000000000 0.824376848 4.423310207 0.000000000 0.000000000 
0.000000000 0.000000000 6.166565592 2.704844727 0.000000000 0.000000000 0.000000000 0.000000000 0.000000000 0.000000000 0.000000000 0.000000000 2.704844727 6.166565592 0.000000000 0.000000000 
0.000000000 0.000000000 0.000000000 4.865803581 1.717231171 0.000000000 0.000000000 0.000000000 0.000000000 0.000000000 0.000000000 1.717231171 4.865803581 0.000000000 0.000000000 0.000000000 
0.000000000 0.000000000 0.000000000 0.000000000 4.390778631 1.776853549 0.367406848 0.000000000 0.000000000 0.367406848 1.776853549 4.390778631 0.000000000 0.000000000 0.000000000 0.000000000 
0.000000000 0.000000000 0.000000000 0.000000000 0.000000000 5.023234949 3.235348697 2.224293043 2.224293043 3.235348697 5.023234949 0.000000000 0.000000000 0.000000000 0.000000000 0.000000000 
0.000000000 0.000000000 0.000000000 0.000000000 0.000000000 0.000000000 6.954300783 6.133318324 6.133318324 6.954300783 0.000000000 0.000000000 0.000000000 0.000000000 0.000000000 0.000000000 
0.000000000 0.000000000 0.000000000 0.000000000 0.000000000 0.000000000 0.000000000 0.000000000 0.000000000 0.000000000 0.000000000 0.000000000 0.000000000 0.000000000 0.000000000 0.000000000 
0.000000000 0.000000000 0.000000000 0.000000000 12.183323360 10.516229685 9.347155614 8.742522887 8.742522887 9.347155614 10.516229685 12.183323360 0.000000000 0.000000000 0.000000000 0.000000000 
0.000000000 0.000000000 0.000000000 11.082782238 8.742514004 6.838851918 5.481374924 4.771594275 4.771594275 5.481374924 6.838851918 8.742514004 11.082782238 0.000000000 0.000000000 0.000000000 
0.000000000 0.000000000 11.082782238 8.123626020 5.481236049 3.277716203 1.665910221 0.810969259 0.810969259 1.665910221 3.277716203 5.481236049 8.123626020 11.082782238 0.000000000 0.000000000 
0.000000000 12.183323360 8.742514004 5.481236049 2.488223214 0.101338676 0.000000000 0.000000000 0.000000000 0.000000000 0.101338676 2.488223214 5.481236049 8.742514004 12.183323360 0.000000000 
0.000000000 10.516229685 6.838851918 3.277716203 0.101338676 0.000000000 0.000000000 0.000000000 0.000000000 0.000000000 0.000000000 0.101338676 3.277716203 6.838851918 10.516229685 0.000000000 
0.000000000 9.347155614 5.481374924 1.665910221 0.000000000 0.000000000 0.000000000 0.000000000 0.000000000 0.000000000 0.000000000 0.000000000 1.665910221 5.481374924 9.347155614 0.000000000 
0.000000000 8.742522887 4.771594275 0.810969259 0.000000000 0.000000000 0.000000000 0.000000000 0.000000000 0.000000000 0.000000000 0.000000000 0.810969259 4.771594275 8.742522887 0.000000000 
0.000000000 8.742522887 4.771594275 0.810969259 0.000000000 0.000000000 0.000000000 0.000000000 0.000000000 0.000000000 0.000000000 0.000000000 0.810969259 4.771594275 8.742522887 0.000000000 
0.000000000 9.347155614 5.481374924 1.665910221 0.000000000 0.000000000 0.000000000 0.000000000 0.000000000 0.000000000 0.000000000 0.000000000 1.665910221 5.481374924 9.347155614 0.000000000 
0.000000000 10.516229685 6.838851918 3.277716203 0.101338676 0.000000000 0.000000000 0.000000000 0.000000000 0.000000000 0.000000000 0.101338676 3.277716203 6.838851918 10.516229685 0.000000000 
0.000000000 9.454972213 7.583059517 5.481236049 2.488223214 0.101338676 0.000000000 0.000000000 0.000000000 0.000000000 0.101338676 2.488223214 5.481236049 7.583059517 9.454972213 0.000000000 
0.000000000 6.848402405 3.873875011 3.835354114 5.481236049 3.277716203 1.665910221 0.810969259 0.810969259 1.665910221 3.277716203 5.481236049 3.835354114 3.873875011 6.848402405 0.000000000 
0.000000000 6.032171513 2.123917033 0.778488387 3.113228759 5.013693254 5.481374924 4.771594275 4.771594275 5.481374924 5.013693254 3.113228759 0.778488387 2.123917033 6.032171513 0.000000000 
0.000000000 0.000000000 3.452310794 0.234132449 0.334564571 1.344512808 2.511111674 3.113270670 3.113270670 2.511111674 1.344512808 0.334564571 0.234132449 3.452310794 0.000000000 0.000000000 
0.000000000 0.000000000 4.960497493 1.397578549 0.000000000 0.000000000 0.000000000 0.000000000 0.000000000 0.000000000 0.000000000 0.000000000 1.397578549 4.960497493 0.000000000 0.000000000 
0.000000000 0.000000000 0.000000000 3.292967836 0.077560298 0.000000000 0.000000000 0.000000000 0.000000000 0.000000000 0.000000000 0.077560298 3.292967836 0.000000000 0.000000000 0.000000000 
0.000000000 0.000000000 0.000000000 5.469733190 2.372676546 0.000000000 0.000000000 0.000000000 0.000000000 0.000000000 0.000000000 2.372676546 5.469733190 0.000000000 0.000000000 0.000000000 
0.000000000 0.000000000 0.000000000 0.000000000 5.059442170 2.511224970 0.453952232 0.000000000 0.000000000 0.453952232 2.511224970 5.059442170 0.000000000 0.000000000 0.000000000 0.000000000 
0.000000000 0.000000000 0.000000000 0.000000000 0.000000000 5.753612079 4.025116276 3.057034092 3.057034092 4.025116276 5.753612079 0.000000000 0.000000000 0.000000000 0.000000000 0.000000000 
0.000000000 0.000000000 0.000000000 0.000000000 0.000000000 0.000000000 0.000000000 6.921917493 6.921917493 0.000000000 0.000000000 0.000000000 0.000000000 0.000000000 0.000000000 0.000000000 
0.000000000 0.000000000 0.000000000 0.000000000 0.000000000 0.000000000 0.000000000 0.000000000 0.000000000 0.000000000 0.000000000 0.000000000 0.000000000 0.000000000 0.000000000 0.000000000 
0.000000000 0.000000000 0.000000000 0.000000000 12.558630189 10.895116898 9.728006328 9.125235083 9.125235083 9.728006328 10.895116898 12.558630189 0.000000000 0.000000000 0.000000000 0.000000000 
0.000000000 0.000000000 0.000000000 11.460173457 9.125226745 7.225906593 5.871317880 5.162797422 5.162797422 5.871317880 7.225906593 9.125226745 11.460173457 0.000000000 0.000000000 0.000000000 
0.000000000 0.000000000 11.460173457 8.507712073 5.871191018 3.672591314 2.065206921 1.208678191 1.208678191 2.065206921 3.672591314 5.871191018 8.507712073 11.460173457 0.000000000 0.000000000 
0.000000000 12.558630189 9.125226745 5.871191018 2.884839444 0.309130883 0.000000000 0.000000000 0.000000000 0.000000000 0.309130883 2.884839444 5.871191018 9.125226745 12.558630189 0.000000000 
0.000000000 10.895116898 7.225906593 3.672591314 0.309130883 0.000000000 0.000000000 0.000000000 0.000000000 0.000000000 0.000000000 0.309130883 3.672591314 7.225906593 10.895116898 0.000000000 
0.000000000 9.728006328 5.871317880 2.065206921 0.000000000 0.000000000 0.000000000 0.000000000 0.000000000 0.000000000 0.000000000 0.000000000 2.065206921 5.871317880 9.728006328 0.000000000 
0.000000000 9.125235083 5.162797422 1.208678191 0.000000000 0.000000000 0.000000000 0.000000000 0.000000000 0.000000000 0.000000000 0.000000000 1.208678191 5.162797422 9.125235083 0.000000000 
0.000000000 9.125235083 5.162797422 1.208678191 0.000000000 0.000000000 0.000000000 0.000000000 0.000000000 0.000000000 0.000000000 0.000000000 1.208678191 5.162797422 9.125235083 0.000000000 
0.000000000 9.728006328 5.871317880 2.065206921 0.000000000 0.000000000 0.000000000 0.000000000 0.000000000 0.000000000 0.000000000 0.000000000 2.065206921 5.871317880 9.728006328 0.000000000 
0.000000000 10.895116898 7.225906593 3.672591314 0.309130883 0.000000000 0.000000000 0.000000000 0.000000000 0.000000000 0.000000000 0.309130883 3.672591314 7.225906593 10.895116898 0.000000000 
0.000000000 9.834524910 7.796243863 5.871191018 2.884839444 0.309130883 0.000000000 0.000000000 0.000000000 0.000000000 0.309130883 2.884839444 5.871191018 7.796243863 9.834524910 0.000000000 
0.000000000 7.367836413 4.283520931 3.547515847 5.871191018 3.672591314 2.065206921 1.208678191 1.208678191 2.065206921 3.672591314 5.871191018 3.547515847 4.283520931 7.367836413 0.000000000 
0.000000000 6.622095333 2.785655357 0.334785551 2.651076797 4.545250528 5.871317880 5.162797422 5.162797422 5.871317880 4.545250528 2.651076797 0.334785551 2.785655357 6.622095333 0.000000000 
0.000000000 0.000000000 4.132887652 0.493151140 0.778746762 0.890206255 2.051798150 2.651125222 2.651125222 2.051798150 0.890206255 0.778746762 0.493151140 4.132887652 0.000000000 0.000000000 
0.000000000 0.000000000 5.660054307 2.138278035 0.000000000 0.000000000 0.000000000 0.000000000 0.000000000 0.000000000 0.000000000 0.000000000 2.138278035 5.660054307 0.000000000 0.000000000 
0.000000000 0.000000000 0.000000000 4.058901773 0.813339353 0.000000000 0.000000000 0.000000000 0.000000000 0.000000000 0.000000000 0.813339353 4.058901773 0.000000000 0.000000000 0.000000000 
0.000000000 0.000000000 0.000000000 6.255604915 3.224279321 0.459672393 0.000000000 0.000000000 0.000000000 0.000000000 0.459672393 3.224279321 6.255604915 0.000000000 0.000000000 0.000000000 
0.000000000 0.000000000 0.000000000 0.000000000 5.925796449 3.457107265 1.495023816 0.346195365 0.346195365 1.495023816 3.457107265 5.925796449 0.000000000 0.000000000 0.000000000 0.000000000 
0.000000000 0.000000000 0.000000000 0.000000000 0.000000000 6.693161954 5.037141709 4.119940856 4.119940856 5.037141709 6.693161954 0.000000000 0.000000000 0.000000000 0.000000000 0.000000000 
0.000000000 0.000000000 0.000000000 0.000000000 0.000000000 0.000000000 0.000000000 0.000000000 0.000000000 0.000000000 0.000000000 0.000000000 0.000000000 0.000000000 0.000000000 0.000000000 
0.000000000 0.000000000 0.000000000 0.000000000 0.000000000 0.000000000 0.000000000 0.000000000 0.000000000 0.000000000 0.000000000 0.000000000 0.000000000 0.000000000 0.000000000 0.000000000 
0.000000000 0.000000000 0.000000000 0.000000000 0.000000000 11.365924197 10.202367759 9.601141436 9.601141436 10.202367759 11.365924197 0.000000000 0.000000000 0.000000000 0.000000000 0.000000000 
0.000000000 0.000000000 0.000000000 11.929812424 9.601133719 7.707223454 6.356956088 5.650591550 5.650591550 6.356956088 7.707223454 9.601133719 11.929812424 0.000000000 0.000000000 0.000000000 
0.000000000 0.000000000 11.929812424 8.985570759 6.356842208 4.165197604 2.562748492 1.709091213 1.709091213 2.562748492 4.165197604 6.356842208 8.985570759 11.929812424 0.000000000 0.000000000 
0.000000000 0.000000000 9.601133719 6.356842208 3.379624815 0.810799108 0.000000000 0.000000000 0.000000000 0.000000000 0.810799108 3.379624815 6.356842208 9.601133719 0.000000000 0.000000000 
0.000000000 11.365924197 7.707223454 4.165197604 0.810799108 0.000000000 0.000000000 0.000000000 0.000000000 0.000000000 0.000000000 0.810799108 4.165197604 7.707223454 11.365924197 0.000000000 
0.000000000 10.202367759 6.356956088 2.562748492 0.000000000 0.000000000 0.000000000 0.000000000 0.000000000 0.000000000 0.000000000 0.000000000 2.562748492 6.356956088 10.202367759 0.000000000 
0.000000000 9.601141436 5.650591550 1.709091213 0.000000000 0.000000000 0.000000000 0.000000000 0.000000000 0.000000000 0.000000000 0.000000000 1.709091213 5.650591550 9.601141436 0.000000000 
0.000000000 9.601141436 5.650591550 1.709091213 0.000000000 0.000000000 0.000000000 0.000000000 0.000000000 0.000000000 0.000000000 0.000000000 1.709091213 5.650591550 9.601141436 0.000000000 
0.000000000 10.202367759 6.356956088 2.562748492 0.000000000 0.000000000 0.000000000 0.000000000 0.000000000 0.000000000 0.000000000 0.000000000 2.562748492 6.356956088 10.202367759 0.000000000 
0.000000000 11.365924197 7.707223454 4.165197604 0.810799108 0.000000000 0.000000000 0.000000000 0.000000000 0.000000000 0.000000000 0.810799108 4.165197604 7.707223454 11.365924197 0.000000000 
0.000000000 10.383531089 8.100142670 6.356842208 3.379624815 0.810799108 0.000000000 0.000000000 0.000000000 0.000000000 0.810799108 3.379624815 6.356842208 8.100142670 10.383531089 0.000000000 
0.000000000 8.081755778 4.806450448 3.328601778 5.276160477 4.165197604 2.562748492 1.709091213 1.709091213 2.562748492 4.165197604 5.276160477 3.328601778 4.806450448 8.081755778 0.000000000 
0.000000000 0.000000000 3.548467350 0.062319800 2.079426475 3.967007793 5.312125040 5.650591550 5.650591550 5.312125040 3.967007793 2.079426475 0.062319800 3.548467350 0.000000000 0.000000000 
0.000000000 0.000000000 4.980602215 1.393626225 0.000000000 0.338712218 1.483630224 2.079486981 2.079486981 1.483630224 0.338712218 0.000000000 1.393626225 4.980602215 0.000000000 0.000000000 
0.000000000 0.000000000 6.528525232 3.064948184 0.308724716 0.000000000 0.000000000 0.000000000 0.000000000 0.000000000 0.000000000 0.308724716 3.064948184 6.528525232 0.000000000 0.000000000 
0.000000000 0.000000000 0.000000000 5.010569314 1.840609702 0.000000000 0.000000000 0.000000000 0.000000000 0.000000000 0.000000000 1.840609702 5.010569314 0.000000000 0.000000000 0.000000000 
0.000000000 0.000000000 0.000000000 0.000000000 4.279826955 1.617409801 0.000000000 0.000000000 0.000000000 0.000000000 1.617409801 4.279826955 0.000000000 0.000000000 0.000000000 0.000000000 
0.000000000 0.000000000 0.000000000 0.000000000 0.000000000 4.620934723 2.768616535 1.707613032 1.707613032 2.768616535 4.620934723 0.000000000 0.000000000 0.000000000 0.000000000 0.000000000 
0.000000000 0.000000000 0.000000000 0.000000000 0.000000000 0.000000000 6.267974190 5.406084374 5.406084374 6.267974190 0.000000000 0.000000000 0.000000000 0.000000000 0.000000000 0.000000000 
0.000000000 0.000000000 0.000000000 0.000000000 0.000000000 0.000000000 0.000000000 0.000000000 0.000000000 0.000000000 0.000000000 0.000000000 0.000000000 0.000000000 0.000000000 0.000000000 
0.000000000 0.000000000 0.000000000 0.000000000 0.000000000 0.000000000 0.000000000 0.000000000 0.000000000 0.000000000 0.000000000 0.000000000 0.000000000 0.000000000 0.000000000 0.000000000 
0.000000000 0.000000000 0.000000000 0.000000000 0.000000000 11.934507271 10.775190458 10.176452842 10.176452842 10.775190458 11.934507271 0.000000000 0.000000000 0.000000000 0.000000000 0.000000000 
0.000000000 0.000000000 0.000000000 0.000000000 10.176445793 8.289386068 6.944711903 6.240888943 6.240888943 6.944711903 8.289386068 10.176445793 0.000000000 0.000000000 0.000000000 0.000000000 
0.000000000 0.000000000 0.000000000 9.562860962 6.944611053 4.761745420 3.165351752 2.314555947 2.314555947 3.165351752 4.761745420 6.944611053 9.562860962 0.000000000 0.000000000 0.000000000 
0.000000000 0.000000000 10.176445793 6.944611053 3.979646868 1.421109943 0.000000000 0.000000000 0.000000000 0.000000000 1.421109943 3.979646868 6.944611053 10.176445793 0.000000000 0.000000000 
0.000000000 11.934507271 8.289386068 4.761745420 1.421109943 0.000000000 0.000000000 0.000000000 0.000000000 0.000000000 0.000000000 1.421109943 4.761745420 8.289386068 11.934507271 0.000000000 
0.000000000 10.775190458 6.944711903 3.165351752 0.000000000 0.000000000 0.000000000 0.000000000 0.000000000 0.000000000 0.000000000 0.000000000 3.165351752 6.944711903 10.775190458 0.000000000 
0.000000000 10.176452842 6.240888943 2.314555947 0.000000000 0.000000000 0.000000000 0.000000000 0.000000000 0.000000000 0.000000000 0.000000000 2.314555947 6.240888943 10.176452842 0.000000000 
0.000000000 10.176452842 6.240888943 2.314555947 0.000000000 0.000000000 0.000000000 0.000000000 0.000000000 0.000000000 0.000000000 0.000000000 2.314555947 6.240888943 10.176452842 0.000000000 
0.000000000 10.775190458 6.944711903 3.165351752 0.000000000 0.000000000 0.000000000 0.000000000 0.000000000 0.000000000 0.000000000 0.000000000 3.165351752 6.944711903 10.775190458 0.000000000 
0.000000000 11.934507271 8.289386068 4.761745420 1.421109943 0.000000000 0.000000000 0.000000000 0.000000000 0.000000000 0.000000000 1.421109943 4.761745420 8.289386068 11.934507271 0.000000000 
0.000000000 11.093620041 8.584390522 6.944611053 3.979646868 1.421109943 0.000000000 0.000000000 0.000000000 0.000000000 1.421109943 3.979646868 6.944611053 8.584390522 11.093620041 0.000000000 
0.000000000 0.000000000 5.573884201 3.380867037 4.424259916 4.761745420 3.165351752 2.314555947 2.314555947 3.165351752 4.761745420 4.424259916 3.380867037 5.573884201 0.000000000 0.000000000 
0.000000000 0.000000000 4.521571577 0.915072707 1.395733591 3.271211520 4.609979294 5.309115878 5.309115878 4.609979294 3.271211520 1.395733591 0.915072707 4.521571577 0.000000000 0.000000000 
0.000000000 0.000000000 6.002208578 2.480322287 0.000000000 0.369624562 0.800369707 1.395821581 1.395821581 0.800369707 0.369624562 0.000000000 2.480322287 6.002208578 0.000000000 0.000000000 
0.000000000 0.000000000 0.000000000 4.180735374 0.915531345 0.000000000 0.000000000 0.000000000 0.000000000 0.000000000 0.000000000 0.915531345 4.180735374 0.000000000 0.000000000 0.000000000 
0.000000000 0.000000000 0.000000000 6.153910075 3.082082547 0.265228281 0.000000000 0.000000000 0.000000000 0.000000000 0.265228281 3.082082547 6.153910075 0.000000000 0.000000000 0.000000000 
0.000000000 0.000000000 0.000000000 0.000000000 5.542439031 3.002906818 0.960805731 0.264468182 0.264468182 0.960805731 3.002906818 5.542439031 0.000000000 0.000000000 0.000000000 0.000000000 
0.000000000 0.000000000 0.000000000 0.000000000 0.000000000 6.002839759 4.267196372 3.292717246 3.292717246 4.267196372 6.002839759 0.000000000 0.000000000 0.000000000 0.000000000 0.000000000 
0.000000000 0.000000000 0.000000000 0.000000000 0.000000000 0.000000000 0.000000000 6.907453937 6.907453937 0.000000000 0.000000000 0.000000000 0.000000000 0.000000000 0.000000000 0.000000000 
0.000000000 0.000000000 0.000000000 0.000000000 0.000000000 0.000000000 0.000000000 0.000000000 0.000000000 0.000000000 0.000000000 0.000000000 0.000000000 0.000000000 0.000000000 0.000000000 
0.000000000 0.000000000 0.000000000 0.000000000 0.000000000 0.000000000 0.000000000 0.000000000 0.000000000 0.000000000 0.000000000 0.000000000 0.000000000 0.000000000 0.000000000 0.000000000 
0.000000000 0.000000000 0.000000000 0.000000000 0.000000000 0.000000000 11.453849955 10.857527867 10.857527867 11.453849955 0.000000000 0.000000000 0.000000000 0.000000000 0.000000000 0.000000000 
0.000000000 0.000000000 0.000000000 0.000000000 10.857521520 8.980011860 7.642055347 6.942324172 6.942324172 7.642055347 8.980011860 10.857521520 0.000000000 0.000000000 0.000000000 0.000000000 
0.000000000 0.000000000 0.000000000 10.247337364 7.641967560 5.470111969 3.882981924 3.036957698 3.036957698 3.882981924 5.470111969 7.641967560 10.247337364 0.000000000 0.000000000 0.000000000 
0.000000000 0.000000000 10.857521520 7.641967560 4.692565629 2.148750788 0.222160345 0.000000000 0.000000000 0.222160345 2.148750788 4.692565629 7.641967560 10.857521520 0.000000000 0.000000000 
0.000000000 0.000000000 8.980011860 5.470111969 2.148750788 0.000000000 0.000000000 0.000000000 0.000000000 0.000000000 0.000000000 2.148750788 5.470111969 8.980011860 0.000000000 0.000000000 
0.000000000 11.453849955 7.642055347 3.882981924 0.222160345 0.000000000 0.000000000 0.000000000 0.000000000 0.000000000 0.000000000 0.222160345 3.882981924 7.642055347 11.453849955 0.000000000 
0.000000000 10.857527867 6.942324172 3.036957698 0.000000000 0.000000000 0.000000000 0.000000000 0.000000000 0.000000000 0.000000000 0.000000000 3.036957698 6.942324172 10.857527867 0.000000000 
0.000000000 10.857527867 6.942324172 3.036957698 0.000000000 0.000000000 0.000000000 0.000000000 0.000000000 0.000000000 0.000000000 0.000000000 3.036957698 6.942324172 10.857527867 0.000000000 
0.000000000 11.453849955 7.642055347 3.882981924 0.222160345 0.000000000 0.000000000 0.000000000 0.000000000 0.000000000 0.000000000 0.222160345 3.882981924 7.642055347 11.453849955 0.000000000 
0.000000000 0.000000000 8.980011860 5.470111969 2.148750788 0.000000000 0.000000000 0.000000000 0.000000000 0.000000000 0.000000000 2.148750788 5.470111969 8.980011860 0.000000000 0.000000000 
0.000000000 0.000000000 9.222134447 7.556566500 4.692565629 2.148750788 0.222160345 0.000000000 0.000000000 0.222160345 2.148750788 4.692565629 7.556566500 9.222134447 0.000000000 0.000000000 
0.000000000 0.000000000 6.523175415 3.808641419 3.662855729 5.470111969 3.882981924 3.036957698 3.036957698 3.882981924 5.470111969 3.662855729 3.808641419 6.523175415 0.000000000 0.000000000 
0.000000000 0.000000000 5.661790460 1.977321838 0.593282972 2.455738200 3.785976124 4.480221472 4.480221472 3.785976124 2.455738200 0.593282972 1.977321838 5.661790460 0.000000000 0.000000000 
0.000000000 0.000000000 0.000000000 3.764718530 0.435734064 0.000000000 0.029908561 0.593483815 0.593483815 0.029908561 0.000000000 0.435734064 3.764718530 0.000000000 0.000000000 0.000000000 
0.000000000 0.000000000 0.000000000 5.496207094 2.338145671 0.000000000 0.000000000 0.000000000 0.000000000 0.000000000 0.000000000 2.338145671 5.496207094 0.000000000 0.000000000 0.000000000 
0.000000000 0.000000000 0.000000000 0.000000000 4.539667566 1.867910684 0.341999451 0.000000000 0.000000000 0.341999451 1.867910684 4.539667566 0.000000000 0.000000000 0.000000000 0.000000000 
0.000000000 0.000000000 0.000000000 0.000000000 0.000000000 4.617522368 2.733824051 1.647594199 1.647594199 2.733824051 4.617522368 0.000000000 0.000000000 0.000000000 0.000000000 0.000000000 
0.000000000 0.000000000 0.000000000 0.000000000 0.000000000 0.000000000 5.984003070 5.095944229 5.095944229 5.984003070 0.000000000 0.000000000 0.000000000 0.000000000 0.000000000 0.000000000 
0.000000000 0.000000000 0.000000000 0.000000000 0.000000000 0.000000000 0.000000000 0.000000000 0.000000000 0.000000000 0.000000000 0.000000000 0.000000000 0.000000000 0.000000000 0.000000000 
0.000000000 0.000000000 0.000000000 0.000000000 0.000000000 0.000000000 0.000000000 0.000000000 0.000000000 0.000000000 0.000000000 0.000000000 0.000000000 0.000000000 0.000000000 0.000000000 
0.000000000 0.000000000 0.000000000 0.000000000 0.000000000 0.000000000 0.000000000 0.000000000 0.000000000 0.000000000 0.000000000 0.000000000 0.000000000 0.000000000 0.000000000 0.000000000 
0.000000000 0.000000000 0.000000000 0.000000000 0.000000000 0.000000000 0.000000000 11.654208240 11.654208240 0.000000000 0.000000000 0.000000000 0.000000000 0.000000000 0.000000000 0.000000000 
0.000000000 0.000000000 0.000000000 0.000000000 11.654202600 9.788937706 8.459401221 7.764270859 7.764270859 8.459401221 9.788937706 11.654202600 0.000000000 0.000000000 0.000000000 0.000000000 
0.000000000 0.000000000 0.000000000 11.047780660 8.459325681 6.302679095 4.727017125 3.886907191 3.886907191 4.727017125 6.302679095 8.459325681 11.047780660 0.000000000 0.000000000 0.000000000 
0.000000000 0.000000000 11.654202600 8.459325681 5.530977636 3.005492866 1.088636287 0.048819504 0.048819504 1.088636287 3.005492866 5.530977636 8.459325681 11.654202600 0.000000000 0.000000000 
0.000000000 0.000000000 9.788937706 6.302679095 3.005492866 0.031886596 0.000000000 0.000000000 0.000000000 0.000000000 0.031886596 3.005492866 6.302679095 9.788937706 0.000000000 0.000000000 
0.000000000 0.000000000 8.459401221 4.727017125 1.088636287 0.000000000 0.000000000 0.000000000 0.000000000 0.000000000 0.000000000 1.088636287 4.727017125 8.459401221 0.000000000 0.000000000 
0.000000000 11.654208240 7.764270859 3.886907191 0.048819504 0.000000000 0.000000000 0.000000000 0.000000000 0.000000000 0.000000000 0.048819504 3.886907191 7.764270859 11.654208240 0.000000000 
0.000000000 11.654208240 7.764270859 3.886907191 0.048819504 0.000000000 0.000000000 0.000000000 0.000000000 0.000000000 0.000000000 0.048819504 3.886907191 7.764270859 11.654208240 0.000000000 
0.000000000 0.000000000 8.459401221 4.727017125 1.088636287 0.000000000 0.000000000 0.000000000 0.000000000 0.000000000 0.000000000 1.088636287 4.727017125 8.459401221 0.000000000 0.000000000 
0.000000000 0.000000000 9.788937706 6.302679095 3.005492866 0.031886596 0.000000000 0.000000000 0.000000000 0.000000000 0.031886596 3.005492866 6.302679095 9.788937706 0.000000000 0.000000000 
0.000000000 0.000000000 10.098925464 8.016636894 5.530977636 3.005492866 1.088636287 0.048819504 0.048819504 1.088636287 3.005492866 5.530977636 8.016636894 10.098925464 0.000000000 0.000000000 
0.000000000 0.000000000 7.716734689 4.666779411 3.346702837 4.707970095 4.727017125 3.886907191 3.886907191 4.727017125 4.707970095 3.346702837 4.666779411 7.716734689 0.000000000 0.000000000 
0.000000000 0.000000000 0.000000000 3.360237051 0.352585382 1.512712562 2.831444236 3.520466603 3.520466603 2.831444236 1.512712562 0.352585382 3.360237051 0.000000000 0.000000000 0.000000000 
0.000000000 0.000000000 0.000000000 5.261130354 2.054914879 0.000000000 0.000000000 0.352912203 0.352912203 0.000000000 0.000000000 2.054914879 5.261130354 0.000000000 0.000000000 0.000000000 
0.000000000 0.000000000 0.000000000 0.000000000 3.997090325 1.236073811 0.000000000 0.000000000 0.000000000 0.000000000 1.236073811 3.997090325 0.000000000 0.000000000 0.000000000 0.000000000 
