# vtk DataFile Version 1.0
vtk input
ASCII
DATASET STRUCTURED_POINTS
DIMENSIONS 32 42 37
SPACING 2.000000 2.000000 2.000000
ORIGIN 0 0 0
POINT_DATA 49728
SCALARS distance float 1
LOOKUP_TABLE default
0.000000000 0.000000000 0.000000000 0.000000000 0.000000000 0.000000000 0.000000000 0.000000000 0.000000000 0.000000000 0.000000000 0.000000000 0.000000000 0.000000000 0.000000000 0.000000000 0.000000000 0.000000000 0.000000000 0.000000000 0.000000000 0.000000000 0.000000000 0.000000000 0.000000000 0.000000000 0.000000000 0.000000000 0.000000000 0.000000000 0.000000000 0.000000000 
0.000000000 0.000000000 0.000000000 0.000000000 0.000000000 0.000000000 0.000000000 0.000000000 0.000000000 0.000000000 0.000000000 0.000000000 0.000000000 0.000000000 0.000000000 0.000000000 0.000000000 0.000000000 0.000000000 0.000000000 0.000000000 0.000000000 0.000000000 0.000000000 0.000000000 0.000000000 0.000000000 0.000000000 0.000000000 0.000000000 0.000000000 0.000000000 
0.000000000 0.000000000 0.000000000 0.000000000 0.000000000 0.000000000 0.000000000 0.000000000 0.000000000 0.000000000 0.000000000 0.000000000 0.000000000 0.000000000 0.000000000 0.000000000 0.000000000 0.000000000 0.000000000 0.000000000 0.000000000 0.000000000 0.000000000 0.000000000 0.000000000 0.000000000 0.000000000 0.000000000 0.000000000 0.000000000 0.000000000 0.000000000 
0.000000000 0.000000000 0.000000000 0.000000000 0.000000000 0.000000000 0.000000000 0.000000000 0.000000000 0.000000000 0.000000000 0.000000000 0.000000000 0.000000000 0.000000000 0.000000000 0.000000000 0.000000000 0.000000000 0.000000000 0.000000000 0.000000000 0.000000000 0.000000000 0.000000000 0.000000000 0.000000000 0.000000000 0.000000000 0.000000000 0.000000000 0.000000000 
0.000000000 0.000000000 0.000000000 0.000000000 0.000000000 0.000000000 0.000000000 0.000000000 0.000000000 0.000000000 0.000000000 0.000000000 0.000000000 0.000000000 0.000000000 0.000000000 0.000000000 0.000000000 0.000000000 0.000000000 0.000000000 0.000000000 0.000000000 0.000000000 0.000000000 0.000000000 0.000000000 0.000000000 0.000000000 0.000000000 0.000000000 0.000000000 
0.000000000 0.000000000 0.000000000 0.000000000 0.000000000 0.000000000 0.000000000 0.000000000 0.000000000 0.000000000 0.000000000 0.000000000 0.000000000 0.000000000 0.000000000 0.000000000 0.000000000 0.000000000 0.000000000 0.000000000 0.000000000 0.000000000 0.000000000 0.000000000 0.000000000 0.000000000 0.000000000 0.000000000 0.000000000 0.000000000 0.000000000 0.000000000 
0.000000000 0.000000000 0.000000000 0.000000000 0.000000000 0.000000000 0.000000000 0.000000000 0.000000000 0.000000000 0.000000000 0.000000000 0.000000000 0.000000000 0.000000000 0.000000000 0.000000000 0.000000000 0.000000000 0.000000000 0.000000000 0.000000000 0.000000000 0.000000000 0.000000000 0.000000000 0.000000000 0.000000000 0.000000000 0.000000000 0.000000000 0.000000000 
0.000000000 0.000000000 0.000000000 0.000000000 0.000000000 0.000000000 0.000000000 0.000000000 0.000000000 0.000000000 0.000000000 0.000000000 0.000000000 0.000000000 0.000000000 0.000000000 0.000000000 0.000000000 0.000000000 0.000000000 0.000000000 0.000000000 0.000000000 0.000000000 0.000000000 0.000000000 0.000000000 0.000000000 0.000000000 0.000000000 0.000000000 0.000000000 
0.000000000 0.000000000 0.000000000 0.000000000 0.000000000 0.000000000 0.000000000 0.000000000 0.000000000 0.000000000 0.000000000 0.000000000 0.000000000 0.000000000 0.000000000 0.000000000 0.000000000 0.000000000 0.000000000 0.000000000 0.000000000 0.000000000 0.000000000 0.000000000 0.000000000 0.000000000 0.000000000 0.000000000 0.000000000 0.000000000 0.000000000 0.000000000 
0.000000000 0.000000000 0.000000000 0.000000000 0.000000000 0.000000000 0.000000000 0.000000000 0.000000000 0.000000000 0.000000000 0.000000000 0.000000000 0.000000000 0.000000000 0.000000000 0.000000000 0.000000000 0.000000000 0.000000000 0.000000000 0.000000000 0.000000000 0.000000000 0.000000000 0.000000000 0.000000000 0.000000000 0.000000000 0.000000000 0.000000000 0.000000000 
0.000000000 0.000000000 0.000000000 0.000000000 0.000000000 0.000000000 0.000000000 0.000000000 0.000000000 0.000000000 0.000000000 0.000000000 0.000000000 0.000000000 0.000000000 0.000000000 0.000000000 0.000000000 0.000000000 0.000000000 0.000000000 0.000000000 0.000000000 0.000000000 0.000000000 0.000000000 0.000000000 0.000000000 0.000000000 0.000000000 0.000000000 0.000000000 
0.000000000 0.000000000 0.000000000 0.000000000 0.000000000 0.000000000 0.000000000 0.000000000 0.000000000 0.000000000 0.000000000 0.000000000 0.000000000 0.000000000 0.000000000 0.000000000 0.000000000 0.000000000 0.000000000 0.000000000 0.000000000 0.000000000 0.000000000 0.000000000 0.000000000 0.000000000 0.000000000 0.000000000 0.000000000 0.000000000 0.000000000 0.000000000 
0.000000000 0.000000000 0.000000000 0.000000000 0.000000000 0.000000000 0.000000000 0.000000000 0.000000000 0.000000000 0.000000000 0.000000000 0.000000000 0.000000000 0.000000000 0.000000000 0.000000000 0.000000000 0.000000000 0.000000000 0.000000000 0.000000000 0.000000000 0.000000000 0.000000000 0.000000000 0.000000000 0.000000000 0.000000000 0.000000000 0.000000000 0.000000000 
0.000000000 0.000000000 0.000000000 0.000000000 0.000000000 0.000000000 0.000000000 0.000000000 0.000000000 0.000000000 0.000000000 0.000000000 0.000000000 0.000000000 0.000000000 0.000000000 0.000000000 0.000000000 0.000000000 0.000000000 0.000000000 0.000000000 0.000000000 0.000000000 0.000000000 0.000000000 0.000000000 0.000000000 0.000000000 0.000000000 0.000000000 0.000000000 
0.000000000 0.000000000 0.000000000 0.000000000 0.000000000 0.000000000 0.000000000 0.000000000 0.000000000 0.000000000 0.000000000 0.000000000 0.000000000 0.000000000 0.000000000 0.000000000 0.000000000 0.000000000 0.000000000 0.000000000 0.000000000 0.000000000 0.000000000 0.000000000 0.000000000 0.000000000 0.000000000 0.000000000 0.000000000 0.000000000 0.000000000 0.000000000 
0.000000000 0.000000000 0.000000000 0.000000000 0.000000000 0.000000000 0.000000000 0.000000000 0.000000000 0.000000000 0.000000000 0.000000000 0.000000000 0.000000000 0.000000000 0.000000000 0.000000000 0.000000000 0.000000000 0.000000000 0.000000000 0.000000000 0.000000000 0.000000000 0.000000000 0.000000000 0.000000000 0.000000000 0.000000000 0.000000000 0.000000000 0.000000000 
0.000000000 0.000000000 0.000000000 0.000000000 0.000000000 0.000000000 0.000000000 0.000000000 0.000000000 0.000000000 0.000000000 0.000000000 0.000000000 0.000000000 0.000000000 0.000000000 0.000000000 0.000000000 0.000000000 0.000000000 0.000000000 0.000000000 0.000000000 0.000000000 0.000000000 0.000000000 0.000000000 0.000000000 0.000000000 0.000000000 0.000000000 0.000000000 
0.000000000 0.000000000 0.000000000 0.000000000 0.000000000 0.000000000 0.000000000 0.000000000 0.000000000 0.000000000 0.000000000 0.000000000 0.000000000 0.000000000 0.000000000 0.000000000 0.000000000 0.000000000 0.000000000 0.000000000 0.000000000 0.000000000 0.000000000 0.000000000 0.000000000 0.000000000 0.000000000 0.000000000 0.000000000 0.000000000 0.000000000 0.000000000 
0.000000000 0.000000000 0.000000000 0.000000000 0.000000000 0.000000000 0.000000000 0.000000000 0.000000000 0.000000000 0.000000000 0.000000000 0.000000000 0.000000000 0.000000000 0.000000000 0.000000000 0.000000000 0.000000000 0.000000000 0.000000000 0.000000000 0.000000000 0.000000000 0.000000000 0.000000000 0.000000000 0.000000000 0.000000000 0.000000000 0.000000000 0.000000000 
0.000000000 0.000000000 0.000000000 0.000000000 0.000000000 0.000000000 0.000000000 0.000000000 0.000000000 0.000000000 0.000000000 0.000000000 0.000000000 0.000000000 0.000000000 0.000000000 0.000000000 0.000000000 0.000000000 0.000000000 0.000000000 0.000000000 0.000000000 0.000000000 0.000000000 0.000000000 0.000000000 0.000000000 0.000000000 0.000000000 0.000000000 0.000000000 
0.000000000 0.000000000 0.000000000 0.000000000 0.000000000 0.000000000 0.000000000 0.000000000 0.000000000 0.000000000 0.000000000 0.000000000 0.000000000 0.000000000 0.000000000 0.000000000 0.000000000 0.000000000 0.000000000 0.000000000 0.000000000 0.000000000 0.000000000 0.000000000 0.000000000 0.000000000 0.000000000 0.000000000 0.000000000 0.000000000 0.000000000 0.000000000 
0.000000000 0.000000000 0.000000000 0.000000000 0.000000000 0.000000000 0.000000000 0.000000000 0.000000000 0.000000000 0.000000000 0.000000000 0.000000000 0.000000000 0.000000000 0.000000000 0.000000000 0.000000000 0.000000000 0.000000000 0.000000000 0.000000000 0.000000000 0.000000000 0.000000000 0.000000000 0.000000000 0.000000000 0.000000000 0.000000000 0.000000000 0.000000000 
0.000000000 0.000000000 0.000000000 0.000000000 0.000000000 0.000000000 0.000000000 0.000000000 0.000000000 0.000000000 0.000000000 0.000000000 0.000000000 0.000000000 0.000000000 0.000000000 0.000000000 0.000000000 0.000000000 0.000000000 0.000000000 0.000000000 0.000000000 0.000000000 0.000000000 0.000000000 0.000000000 0.000000000 0.000000000 0.000000000 0.000000000 0.000000000 
0.000000000 0.000000000 0.000000000 0.000000000 0.000000000 0.000000000 0.000000000 0.000000000 0.000000000 0.000000000 0.000000000 0.000000000 0.000000000 0.000000000 0.000000000 0.000000000 0.000000000 0.000000000 0.000000000 0.000000000 0.000000000 0.000000000 0.000000000 0.000000000 0.000000000 0.000000000 0.000000000 0.000000000 0.000000000 0.000000000 0.000000000 0.000000000 
0.000000000 0.000000000 0.000000000 0.000000000 0.000000000 0.000000000 0.000000000 0.000000000 0.000000000 0.000000000 0.000000000 0.000000000 0.000000000 0.000000000 0.000000000 0.000000000 0.000000000 0.000000000 0.000000000 0.000000000 0.000000000 0.000000000 0.000000000 0.000000000 0.000000000 0.000000000 0.000000000 0.000000000 0.000000000 0.000000000 0.000000000 0.000000000 
0.000000000 0.000000000 0.000000000 0.000000000 0.000000000 0.000000000 0.000000000 0.000000000 0.000000000 0.000000000 0.000000000 0.000000000 0.000000000 0.000000000 0.000000000 0.000000000 0.000000000 0.000000000 0.000000000 0.000000000 0.000000000 0.000000000 0.000000000 0.000000000 0.000000000 0.000000000 0.000000000 0.000000000 0.000000000 0.000000000 0.000000000 0.000000000 
0.000000000 0.000000000 0.000000000 0.000000000 0.000000000 0.000000000 0.000000000 0.000000000 0.000000000 0.000000000 0.000000000 0.000000000 0.000000000 0.000000000 0.000000000 0.000000000 0.000000000 0.000000000 0.000000000 0.000000000 0.000000000 0.000000000 0.000000000 0.000000000 0.000000000 0.000000000 0.000000000 0.000000000 0.000000000 0.000000000 0.000000000 0.000000000 
0.000000000 0.000000000 0.000000000 0.000000000 0.000000000 0.000000000 0.000000000 0.000000000 0.000000000 0.000000000 0.000000000 0.000000000 0.000000000 0.000000000 0.000000000 0.000000000 0.000000000 0.000000000 0.000000000 0.000000000 0.000000000 0.000000000 0.000000000 0.000000000 0.000000000 0.000000000 0.000000000 0.000000000 0.000000000 0.000000000 0.000000000 0.000000000 
0.000000000 0.000000000 0.000000000 0.000000000 0.000000000 0.000000000 0.000000000 0.000000000 0.000000000 0.000000000 0.000000000 0.000000000 0.000000000 0.000000000 0.000000000 0.000000000 0.000000000 0.000000000 0.000000000 0.000000000 0.000000000 0.000000000 0.000000000 0.000000000 0.000000000 0.000000000 0.000000000 0.000000000 0.000000000 0.000000000 0.000000000 0.000000000 
0.000000000 0.000000000 0.000000000 0.000000000 0.000000000 0.000000000 0.000000000 0.000000000 0.000000000 0.000000000 0.000000000 0.000000000 0.000000000 0.000000000 0.000000000 0.000000000 0.000000000 0.000000000 0.000000000 0.000000000 0.000000000 0.000000000 0.000000000 0.000000000 0.000000000 0.000000000 0.000000000 0.000000000 0.000000000 0.000000000 0.000000000 0.000000000 
0.000000000 0.000000000 0.000000000 0.000000000 0.000000000 0.000000000 0.000000000 0.000000000 0.000000000 0.000000000 0.000000000 0.000000000 0.000000000 0.000000000 0.000000000 0.000000000 0.000000000 0.000000000 0.000000000 0.000000000 0.000000000 0.000000000 0.000000000 0.000000000 0.000000000 0.000000000 0.000000000 0.000000000 0.000000000 0.000000000 0.000000000 0.000000000 
0.000000000 0.000000000 0.000000000 0.000000000 0.000000000 0.000000000 0.000000000 0.000000000 0.000000000 0.000000000 0.000000000 0.000000000 0.000000000 0.000000000 0.000000000 0.000000000 0.000000000 0.000000000 0.000000000 0.000000000 0.000000000 0.000000000 0.000000000 0.000000000 0.000000000 0.000000000 0.000000000 0.000000000 0.000000000 0.000000000 0.000000000 0.000000000 
0.000000000 0.000000000 0.000000000 0.000000000 0.000000000 0.000000000 0.000000000 0.000000000 0.000000000 0.000000000 0.000000000 0.000000000 0.000000000 0.000000000 0.000000000 0.000000000 0.000000000 0.000000000 0.000000000 0.000000000 0.000000000 0.000000000 0.000000000 0.000000000 0.000000000 0.000000000 0.000000000 0.000000000 0.000000000 0.000000000 0.000000000 0.000000000 
0.000000000 0.000000000 0.000000000 0.000000000 0.000000000 0.000000000 0.000000000 0.000000000 0.000000000 0.000000000 0.000000000 0.000000000 0.000000000 0.000000000 0.000000000 0.000000000 0.000000000 0.000000000 0.000000000 0.000000000 0.000000000 0.000000000 0.000000000 0.000000000 0.000000000 0.000000000 0.000000000 0.000000000 0.000000000 0.000000000 0.000000000 0.000000000 
0.000000000 0.000000000 0.000000000 0.000000000 0.000000000 0.000000000 0.000000000 0.000000000 0.000000000 0.000000000 0.000000000 0.000000000 0.000000000 0.000000000 0.000000000 0.000000000 0.000000000 0.000000000 0.000000000 0.000000000 0.000000000 0.000000000 0.000000000 0.000000000 0.000000000 0.000000000 0.000000000 0.000000000 0.000000000 0.000000000 0.000000000 0.000000000 
0.000000000 0.000000000 0.000000000 0.000000000 0.000000000 0.000000000 0.000000000 0.000000000 0.000000000 0.000000000 0.000000000 0.000000000 0.000000000 0.000000000 0.000000000 0.000000000 0.000000000 0.000000000 0.000000000 0.000000000 0.000000000 0.000000000 0.000000000 0.000000000 0.000000000 0.000000000 0.000000000 0.000000000 0.000000000 0.000000000 0.000000000 0.000000000 
0.000000000 0.000000000 0.000000000 0.000000000 0.000000000 0.000000000 0.000000000 0.000000000 0.000000000 0.000000000 0.000000000 0.000000000 0.000000000 0.000000000 0.000000000 0.000000000 0.000000000 0.000000000 0.000000000 0.000000000 0.000000000 0.000000000 0.000000000 0.000000000 0.000000000 0.000000000 0.000000000 0.000000000 0.000000000 0.000000000 0.000000000 0.000000000 
0.000000000 0.000000000 0.000000000 0.000000000 0.000000000 0.000000000 0.000000000 0.000000000 0.000000000 0.000000000 0.000000000 0.000000000 0.000000000 0.000000000 0.000000000 0.000000000 0.000000000 0.000000000 0.000000000 0.000000000 0.000000000 0.000000000 0.000000000 0.000000000 0.000000000 0.000000000 0.000000000 0.000000000 0.000000000 0.000000000 0.000000000 0.000000000 
0.000000000 0.000000000 0.000000000 0.000000000 0.000000000 0.000000000 0.000000000 0.000000000 0.000000000 0.000000000 0.000000000 0.000000000 0.000000000 0.000000000 0.000000000 0.000000000 0.000000000 0.000000000 0.000000000 0.000000000 0.000000000 0.000000000 0.000000000 0.000000000 0.000000000 0.000000000 0.000000000 0.000000000 0.000000000 0.000000000 0.000000000 0.000000000 
0.000000000 0.000000000 0.000000000 0.000000000 0.000000000 0.000000000 0.000000000 0.000000000 0.000000000 0.000000000 0.000000000 0.000000000 0.000000000 0.000000000 0.000000000 0.000000000 0.000000000 0.000000000 0.000000000 0.000000000 0.000000000 0.000000000 0.000000000 0.000000000 0.000000000 0.000000000 0.000000000 0.000000000 0.000000000 0.000000000 0.000000000 0.000000000 
0.000000000 0.000000000 0.000000000 0.000000000 0.000000000 0.000000000 0.000000000 0.000000000 0.000000000 0.000000000 0.000000000 0.000000000 0.000000000 0.000000000 0.000000000 0.000000000 0.000000000 0.000000000 0.000000000 0.000000000 0.000000000 0.000000000 0.000000000 0.000000000 0.000000000 0.000000000 0.000000000 0.000000000 0.000000000 0.000000000 0.000000000 0.000000000 
0.000000000 0.000000000 0.000000000 0.000000000 0.000000000 0.000000000 0.000000000 0.000000000 0.000000000 0.000000000 0.000000000 0.000000000 0.000000000 0.000000000 0.000000000 0.000000000 0.000000000 0.000000000 0.000000000 0.000000000 0.000000000 0.000000000 0.000000000 0.000000000 0.000000000 0.000000000 0.000000000 0.000000000 0.000000000 0.000000000 0.000000000 0.000000000 
0.000000000 0.000000000 0.000000000 0.000000000 0.000000000 0.000000000 0.000000000 0.000000000 0.000000000 0.000000000 0.000000000 0.000000000 0.000000000 0.000000000 0.000000000 0.000000000 0.000000000 0.000000000 0.000000000 0.000000000 0.000000000 0.000000000 0.000000000 0.000000000 0.000000000 0.000000000 0.000000000 0.000000000 0.000000000 0.000000000 0.000000000 0.000000000 
0.000000000 0.000000000 0.000000000 0.000000000 0.000000000 0.000000000 0.000000000 0.000000000 0.000000000 0.000000000 0.000000000 12.367003590 11.835505795 11.430472342 11.157487849 11.020036966 11.020036966 11.157487849 11.430472342 11.835505795 12.367003590 0.000000000 0.000000000 0.000000000 0.000000000 0.000000000 0.000000000 0.000000000 0.000000000 0.000000000 0.000000000 0.000000000 
0.000000000 0.000000000 0.000000000 0.000000000 0.000000000 0.000000000 0.000000000 0.000000000 0.000000000 11.969353779 11.157503982 10.463139762 9.895411695 9.461720494 9.168966509 9.021184006 9.021184006 9.168966509 9.461720494 9.895411695 10.463139762 11.157503982 11.969353779 0.000000000 0.000000000 0.000000000 0.000000000 0.000000000 0.000000000 0.000000000 0.000000000 0.000000000 
0.000000000 0.000000000 0.000000000 0.000000000 0.000000000 0.000000000 0.000000000 12.234978731 11.157334970 10.180714391 9.315646991 8.573342852 7.964462835 7.498055662 7.182128470 7.022942884 7.022942884 7.182128470 7.498055662 7.964462835 8.573342852 9.315646991 10.180714391 11.157334970 12.234978731 0.000000000 0.000000000 0.000000000 0.000000000 0.000000000 0.000000000 0.000000000 
0.000000000 0.000000000 0.000000000 0.000000000 0.000000000 0.000000000 11.835434088 10.603381451 9.461700009 8.422396964 7.497846131 6.701161804 6.044506690 5.540146883 5.198011490 5.024748955 5.024748955 5.198011490 5.540146883 6.044506690 6.701161804 7.497846131 8.422396964 9.461700009 10.603381451 11.835434088 0.000000000 0.000000000 0.000000000 0.000000000 0.000000000 0.000000000 
0.000000000 0.000000000 0.000000000 0.000000000 0.000000000 11.701043719 10.322210945 9.021272724 7.809798119 6.701053244 5.709515502 4.850680839 4.139203017 3.590443043 3.217061029 3.027774096 3.027774096 3.217061029 3.590443043 4.139203017 4.850680839 5.709515502 6.701053244 7.809798119 9.021272724 10.322210945 11.701043719 0.000000000 0.000000000 0.000000000 0.000000000 0.000000000 
0.000000000 0.000000000 0.000000000 0.000000000 11.835434088 10.322210945 8.872724435 7.497879877 6.210475933 5.025142662 3.958166088 3.027731214 2.252539050 1.651510677 1.240830775 1.033250024 1.033250024 1.240830775 1.651510677 2.252539050 3.027731214 3.958166088 5.025142662 6.210475933 7.497879877 8.872724435 10.322210945 11.835434088 0.000000000 0.000000000 0.000000000 0.000000000 
0.000000000 0.000000000 0.000000000 12.234978731 10.603381451 9.021272724 7.497879877 6.044506075 4.674643003 3.404338792 2.252955172 1.242133637 0.397552222 0.000000000 0.000000000 0.000000000 0.000000000 0.000000000 0.000000000 0.397552222 1.242133637 2.252955172 3.404338792 4.674643003 6.044506075 7.497879877 9.021272724 10.603381451 12.234978731 0.000000000 0.000000000 0.000000000 
0.000000000 0.000000000 0.000000000 11.157334970 9.461700009 7.809798119 6.210475933 4.674643003 3.216654859 1.854253447 0.610763368 0.000000000 0.000000000 0.000000000 0.000000000 0.000000000 0.000000000 0.000000000 0.000000000 0.000000000 0.000000000 0.610763368 1.854253447 3.216654859 4.674643003 6.210475933 7.809798119 9.461700009 11.157334970 0.000000000 0.000000000 0.000000000 
0.000000000 0.000000000 11.969353779 10.180714391 8.422396964 6.701053244 5.025142662 3.404338792 1.854253447 0.397093538 0.000000000 0.000000000 0.000000000 0.000000000 0.000000000 0.000000000 0.000000000 0.000000000 0.000000000 0.000000000 0.000000000 0.000000000 0.397093538 1.854253447 3.404338792 5.025142662 6.701053244 8.422396964 10.180714391 11.969353779 0.000000000 0.000000000 
0.000000000 0.000000000 11.157503982 9.315646991 7.497846131 5.709515502 3.958166088 2.252955172 0.610763368 0.000000000 0.000000000 0.000000000 0.000000000 0.000000000 0.000000000 0.000000000 0.000000000 0.000000000 0.000000000 0.000000000 0.000000000 0.000000000 0.000000000 0.610763368 2.252955172 3.958166088 5.709515502 7.497846131 9.315646991 11.157503982 0.000000000 0.000000000 
0.000000000 12.367003590 10.463139762 8.573342852 6.701161804 4.850680839 3.027731214 1.242133637 0.000000000 0.000000000 0.000000000 0.000000000 0.000000000 0.000000000 0.000000000 0.000000000 0.000000000 0.000000000 0.000000000 0.000000000 0.000000000 0.000000000 0.000000000 0.000000000 1.242133637 3.027731214 4.850680839 6.701161804 8.573342852 10.463139762 12.367003590 0.000000000 
0.000000000 11.835505795 9.895411695 7.964462835 6.044506690 4.139203017 2.252539050 0.397552222 0.000000000 0.000000000 0.000000000 0.000000000 0.000000000 0.000000000 0.000000000 0.000000000 0.000000000 0.000000000 0.000000000 0.000000000 0.000000000 0.000000000 0.000000000 0.000000000 0.397552222 2.252539050 4.139203017 6.044506690 7.964462835 9.895411695 11.835505795 0.000000000 
0.000000000 11.430472342 9.461720494 7.498055662 5.540146883 3.590443043 1.651510677 0.000000000 0.000000000 0.000000000 0.000000000 0.000000000 0.000000000 0.000000000 0.000000000 0.000000000 0.000000000 0.000000000 0.000000000 0.000000000 0.000000000 0.000000000 0.000000000 0.000000000 0.000000000 1.651510677 3.590443043 5.540146883 7.498055662 9.461720494 11.430472342 0.000000000 
0.000000000 11.157487849 9.168966509 7.182128470 5.198011490 3.217061029 1.240830775 0.000000000 0.000000000 0.000000000 0.000000000 0.000000000 0.000000000 0.000000000 0.000000000 0.000000000 0.000000000 0.000000000 0.000000000 0.000000000 0.000000000 0.000000000 0.000000000 0.000000000 0.000000000 1.240830775 3.217061029 5.198011490 7.182128470 9.168966509 11.157487849 0.000000000 
0.000000000 11.020036966 9.021184006 7.022942884 5.024748955 3.027774096 1.033250024 0.000000000 0.000000000 0.000000000 0.000000000 0.000000000 0.000000000 0.000000000 0.000000000 0.000000000 0.000000000 0.000000000 0.000000000 0.000000000 0.000000000 0.000000000 0.000000000 0.000000000 0.000000000 1.033250024 3.027774096 5.024748955 7.022942884 9.021184006 11.020036966 0.000000000 
0.000000000 11.020036966 9.021184006 7.022942884 5.024748955 3.027774096 1.033250024 0.000000000 0.000000000 0.000000000 0.000000000 0.000000000 0.000000000 0.000000000 0.000000000 0.000000000 0.000000000 0.000000000 0.000000000 0.000000000 0.000000000 0.000000000 0.000000000 0.000000000 0.000000000 1.033250024 3.027774096 5.024748955 7.022942884 9.021184006 11.020036966 0.000000000 
0.000000000 11.157487849 9.168966509 7.182128470 5.198011490 3.217061029 1.240830775 0.000000000 0.000000000 0.000000000 0.000000000 0.000000000 0.000000000 0.000000000 0.000000000 0.000000000 0.000000000 0.000000000 0.000000000 0.000000000 0.000000000 0.000000000 0.000000000 0.000000000 0.000000000 1.240830775 3.217061029 5.198011490 7.182128470 9.168966509 11.157487849 0.000000000 
0.000000000 11.430472342 9.461720494 7.498055662 5.540146883 3.590443043 1.651510677 0.000000000 0.000000000 0.000000000 0.000000000 0.000000000 0.000000000 0.000000000 0.000000000 0.000000000 0.000000000 0.000000000 0.000000000 0.000000000 0.000000000 0.000000000 0.000000000 0.000000000 0.000000000 1.651510677 3.590443043 5.540146883 7.498055662 9.461720494 11.430472342 0.000000000 
0.000000000 11.835505795 9.895411695 7.964462835 6.044506690 4.139203017 2.252539050 0.397552222 0.000000000 0.000000000 0.000000000 0.000000000 0.000000000 0.000000000 0.000000000 0.000000000 0.000000000 0.000000000 0.000000000 0.000000000 0.000000000 0.000000000 0.000000000 0.000000000 0.397552222 2.252539050 4.139203017 6.044506690 7.964462835 9.895411695 11.835505795 0.000000000 
0.000000000 12.367003590 10.463139762 8.573342852 6.701161804 4.850680839 3.027731214 1.242133637 0.000000000 0.000000000 0.000000000 0.000000000 0.000000000 0.000000000 0.000000000 0.000000000 0.000000000 0.000000000 0.000000000 0.000000000 0.000000000 0.000000000 0.000000000 0.000000000 1.242133637 3.027731214 4.850680839 6.701161804 8.573342852 10.463139762 12.367003590 0.000000000 
0.000000000 13.018725324 11.157503982 9.315646991 7.497846131 5.709515502 3.958166088 2.252955172 0.610763368 0.000000000 0.000000000 0.000000000 0.000000000 0.000000000 0.000000000 0.000000000 0.000000000 0.000000000 0.000000000 0.000000000 0.000000000 0.000000000 0.000000000 0.610763368 2.252955172 3.958166088 5.709515502 7.497846131 9.315646991 11.157503982 13.018725324 0.000000000 
0.000000000 11.506449424 10.232593641 9.220280197 8.422396964 6.701053244 5.025142662 3.404338792 1.854253447 0.397093538 0.000000000 0.000000000 0.000000000 0.000000000 0.000000000 0.000000000 0.000000000 0.000000000 0.000000000 0.000000000 0.000000000 0.000000000 0.397093538 1.854253447 3.404338792 5.025142662 6.701053244 8.422396964 9.220280197 10.232593641 11.506449424 0.000000000 
0.000000000 10.150104962 8.679413863 7.459210366 6.629284543 6.344683430 6.210475933 4.674643003 3.216654859 1.854253447 0.610763368 0.000000000 0.000000000 0.000000000 0.000000000 0.000000000 0.000000000 0.000000000 0.000000000 0.000000000 0.000000000 0.610763368 1.854253447 3.216654859 4.674643003 6.210475933 6.344683430 6.629284543 7.459210366 8.679413863 10.150104962 0.000000000 
0.000000000 9.035976612 7.345643429 5.853722889 4.751175217 4.345257209 4.815480712 5.957889623 4.674643003 3.404338792 2.252955172 1.242133637 0.397552222 0.000000000 0.000000000 0.000000000 0.000000000 0.000000000 0.000000000 0.397552222 1.242133637 2.252955172 3.404338792 4.674643003 5.957889623 4.815480712 4.345257209 4.751175217 5.853722889 7.345643429 9.035976612 0.000000000 
0.000000000 0.000000000 6.370453095 4.570812187 3.033136713 2.346809024 3.132907096 4.502394939 5.790040989 5.025142662 3.958166088 3.027731214 2.252539050 1.651510677 1.240830775 1.033250024 1.033250024 1.240830775 1.651510677 2.252539050 3.027731214 3.958166088 5.025142662 5.790040989 4.502394939 3.132907096 2.346809024 3.033136713 4.570812187 6.370453095 0.000000000 0.000000000 
0.000000000 0.000000000 5.915609057 3.923493377 1.947606234 0.365738947 1.679668745 2.979959461 4.190799471 5.299189883 5.709515502 4.850680839 4.139203017 3.590443043 3.217061029 3.027774096 3.027774096 3.217061029 3.590443043 4.139203017 4.850680839 5.709515502 5.299189883 4.190799471 2.979959461 1.679668745 0.365738947 1.947606234 3.923493377 5.915609057 0.000000000 0.000000000 
0.000000000 0.000000000 6.106290389 4.186535781 2.270890239 0.359703046 0.192498981 1.400256924 2.539192961 3.578059087 4.502301276 5.299418679 5.955500903 5.540146883 5.198011490 5.024748955 5.024748955 5.198011490 5.540146883 5.955500903 5.299418679 4.502301276 3.578059087 2.539192961 1.400256924 0.192498981 0.359703046 2.270890239 4.186535781 6.106290389 0.000000000 0.000000000 
0.000000000 0.000000000 6.683452910 4.780700648 2.881360511 0.994543191 0.000000000 0.256378682 0.847404962 1.821939890 2.685148146 3.427083581 4.036789510 4.502882814 4.817970325 4.977693613 4.977693613 4.817970325 4.502882814 4.036789510 3.427083581 2.685148146 1.821939890 0.847404962 0.256378682 0.000000000 0.994543191 2.881360511 4.780700648 6.683452910 0.000000000 0.000000000 
0.000000000 0.000000000 0.000000000 5.429615471 3.550201890 1.681170906 0.192583677 0.000000000 0.000000000 0.130149677 0.851105735 1.539495123 2.107093607 2.539320175 2.832749053 2.979511800 2.979511800 2.832749053 2.539320175 2.107093607 1.539495123 0.851105735 0.130149677 0.000000000 0.000000000 0.192583677 1.681170906 3.550201890 5.429615471 0.000000000 0.000000000 0.000000000 
0.000000000 0.000000000 0.000000000 6.134241612 4.277835796 2.432010487 0.603702179 0.000000000 0.000000000 0.000000000 0.000000000 0.381905898 0.199711871 0.577972663 0.850753161 0.988220789 0.988220789 0.850753161 0.577972663 0.199711871 0.381905898 0.000000000 0.000000000 0.000000000 0.000000000 0.603702179 2.432010487 4.277835796 6.134241612 0.000000000 0.000000000 0.000000000 
0.000000000 0.000000000 0.000000000 0.000000000 5.065037885 3.247389364 1.440981274 0.000000000 0.000000000 0.000000000 0.000000000 0.000000000 0.000000000 0.000000000 0.000000000 0.000000000 0.000000000 0.000000000 0.000000000 0.000000000 0.000000000 0.000000000 0.000000000 0.000000000 0.000000000 1.440981274 3.247389364 5.065037885 0.000000000 0.000000000 0.000000000 0.000000000 
0.000000000 0.000000000 0.000000000 0.000000000 5.912761894 4.124877087 2.353170860 0.608646731 0.000000000 0.000000000 0.000000000 0.000000000 0.000000000 0.000000000 0.000000000 0.000000000 0.000000000 0.000000000 0.000000000 0.000000000 0.000000000 0.000000000 0.000000000 0.000000000 0.608646731 2.353170860 4.124877087 5.912761894 0.000000000 0.000000000 0.000000000 0.000000000 
0.000000000 0.000000000 0.000000000 0.000000000 0.000000000 5.066774287 3.331130389 1.618820192 0.068958314 0.000000000 0.000000000 0.000000000 0.000000000 0.000000000 0.000000000 0.000000000 0.000000000 0.000000000 0.000000000 0.000000000 0.000000000 0.000000000 0.000000000 0.068958314 1.618820192 3.331130389 5.066774287 0.000000000 0.000000000 0.000000000 0.000000000 0.000000000 
0.000000000 0.000000000 0.000000000 0.000000000 0.000000000 6.074529134 4.378028597 2.712570717 1.078595335 0.000000000 0.000000000 0.000000000 0.000000000 0.000000000 0.000000000 0.000000000 0.000000000 0.000000000 0.000000000 0.000000000 0.000000000 0.000000000 0.000000000 1.078595335 2.712570717 4.378028597 6.074529134 0.000000000 0.000000000 0.000000000 0.000000000 0.000000000 
0.000000000 0.000000000 0.000000000 0.000000000 0.000000000 0.000000000 5.494236746 3.875957300 2.297411052 0.772081631 0.000000000 0.000000000 0.000000000 0.000000000 0.000000000 0.000000000 0.000000000 0.000000000 0.000000000 0.000000000 0.000000000 0.000000000 0.772081631 2.297411052 3.875957300 5.494236746 0.000000000 0.000000000 0.000000000 0.000000000 0.000000000 0.000000000 
0.000000000 0.000000000 0.000000000 0.000000000 0.000000000 0.000000000 6.677624257 5.111973512 3.591690695 2.130667278 0.739345691 0.000000000 0.000000000 0.000000000 0.000000000 0.000000000 0.000000000 0.000000000 0.000000000 0.000000000 0.000000000 0.739345691 2.130667278 3.591690695 5.111973512 6.677624257 0.000000000 0.000000000 0.000000000 0.000000000 0.000000000 0.000000000 
0.000000000 0.000000000 0.000000000 0.000000000 0.000000000 0.000000000 0.000000000 6.415556106 4.957840158 3.565233922 2.253929359 1.044592996 0.050560045 0.000000000 0.000000000 0.000000000 0.000000000 0.000000000 0.000000000 0.050560045 1.044592996 2.253929359 3.565233922 4.957840158 6.415556106 0.000000000 0.000000000 0.000000000 0.000000000 0.000000000 0.000000000 0.000000000 
0.000000000 0.000000000 0.000000000 0.000000000 0.000000000 0.000000000 0.000000000 0.000000000 6.390948167 5.069169157 3.835610064 2.713065027 1.732108767 0.929667228 0.358133762 0.077461687 0.077461687 0.358133762 0.929667228 1.732108767 2.713065027 3.835610064 5.069169157 6.390948167 0.000000000 0.000000000 0.000000000 0.000000000 0.000000000 0.000000000 0.000000000 0.000000000 
0.000000000 0.000000000 0.000000000 0.000000000 0.000000000 0.000000000 0.000000000 0.000000000 0.000000000 6.633743069 5.476683441 4.436040696 3.538895534 2.818407605 2.307175614 2.042278582 2.042278582 2.307175614 2.818407605 3.538895534 4.436040696 5.476683441 6.633743069 0.000000000 0.000000000 0.000000000 0.000000000 0.000000000 0.000000000 0.000000000 0.000000000 0.000000000 
0.000000000 0.000000000 0.000000000 0.000000000 0.000000000 0.000000000 0.000000000 0.000000000 0.000000000 0.000000000 0.000000000 6.203453591 5.381461097 4.729111248 4.272595953 4.037751938 4.037751938 4.272595953 4.729111248 5.381461097 6.203453591 0.000000000 0.000000000 0.000000000 0.000000000 0.000000000 0.000000000 0.000000000 0.000000000 0.000000000 0.000000000 0.000000000 
0.000000000 0.000000000 0.000000000 0.000000000 0.000000000 0.000000000 0.000000000 0.000000000 0.000000000 0.000000000 0.000000000 0.000000000 0.000000000 6.655568667 6.244993532 6.034690509 6.034690509 6.244993532 6.655568667 0.000000000 0.000000000 0.000000000 0.000000000 0.000000000 0.000000000 0.000000000 0.000000000 0.000000000 0.000000000 0.000000000 0.000000000 0.000000000 
0.000000000 0.000000000 0.000000000 0.000000000 0.000000000 0.000000000 0.000000000 0.000000000 0.000000000 0.000000000 0.000000000 0.000000000 0.000000000 0.000000000 0.000000000 0.000000000 0.000000000 0.000000000 0.000000000 0.000000000 0.000000000 0.000000000 0.000000000 0.000000000 0.000000000 0.000000000 0.000000000 0.000000000 0.000000000 0.000000000 0.000000000 0.000000000 
0.000000000 0.000000000 0.000000000 0.000000000 0.000000000 0.000000000 0.000000000 0.000000000 0.000000000 0.000000000 0.000000000 12.387340786 11.855958251 11.450961794 11.177976309 11.040524897 11.040524897 11.177976309 11.450961794 11.855958251 12.387340786 0.000000000 0.000000000 0.000000000 0.000000000 0.000000000 0.000000000 0.000000000 0.000000000 0.000000000 0.000000000 0.000000000 
0.000000000 0.000000000 0.000000000 0.000000000 0.000000000 0.000000000 0.000000000 0.000000000 0.000000000 11.989776025 11.177992395 10.483626829 9.915896855 9.482204686 9.189449254 9.041666722 9.041666722 9.189449254 9.482204686 9.915896855 10.483626829 11.177992395 11.989776025 0.000000000 0.000000000 0.000000000 0.000000000 0.000000000 0.000000000 0.000000000 0.000000000 0.000000000 
0.000000000 0.000000000 0.000000000 0.000000000 0.000000000 0.000000000 0.000000000 12.255343689 11.177823884 10.201200507 9.336130768 8.593823919 7.984940416 7.518531005 7.202602889 7.043415694 7.043415694 7.202602889 7.518531005 7.984940416 8.593823919 9.336130768 10.201200507 11.177823884 12.255343689 0.000000000 0.000000000 0.000000000 0.000000000 0.000000000 0.000000000 0.000000000 
0.000000000 0.000000000 0.000000000 0.000000000 0.000000000 0.000000000 11.855886738 10.623868743 9.482184269 8.442877360 7.518322282 6.721632537 6.064973301 5.560608928 5.218468945 5.045205355 5.045205355 5.218468945 5.560608928 6.064973301 6.721632537 7.518322282 8.442877360 9.482184269 10.623868743 11.855886738 0.000000000 0.000000000 0.000000000 0.000000000 0.000000000 0.000000000 
0.000000000 0.000000000 0.000000000 0.000000000 0.000000000 11.721527244 10.342697756 9.041755138 7.830275484 6.721524430 5.729978903 4.871133382 4.159645862 3.610874204 3.237479429 3.048185719 3.048185719 3.237479429 3.610874204 4.159645862 4.871133382 5.729978903 6.721524430 7.830275484 9.041755138 10.342697756 11.721527244 0.000000000 0.000000000 0.000000000 0.000000000 0.000000000 
0.000000000 0.000000000 0.000000000 0.000000000 11.855886738 10.342697756 8.893206652 7.518355898 6.230943069 5.045597019 3.978603174 3.048143172 2.272915322 1.671830831 1.261074408 1.053410075 1.053410075 1.261074408 1.671830831 2.272915322 3.048143172 3.978603174 5.045597019 6.230943069 7.518355898 8.893206652 10.342697756 11.855886738 0.000000000 0.000000000 0.000000000 0.000000000 
0.000000000 0.000000000 0.000000000 12.255343689 10.623868743 9.041755138 7.518355898 6.064972688 4.695094862 3.424765556 2.273327244 1.262354916 0.416888567 0.000000000 0.000000000 0.000000000 0.000000000 0.000000000 0.000000000 0.416888567 1.262354916 2.273327244 3.424765556 4.695094862 6.064972688 7.518355898 9.041755138 10.623868743 12.255343689 0.000000000 0.000000000 0.000000000 
0.000000000 0.000000000 0.000000000 11.177823884 9.482184269 7.830275484 6.230943069 4.695094862 3.237076282 1.874591967 0.630597883 0.000000000 0.000000000 0.000000000 0.000000000 0.000000000 0.000000000 0.000000000 0.000000000 0.000000000 0.000000000 0.630597883 1.874591967 3.237076282 4.695094862 6.230943069 7.830275484 9.482184269 11.177823884 0.000000000 0.000000000 0.000000000 
0.000000000 0.000000000 11.989776025 10.201200507 8.442877360 6.721524430 5.045597019 3.424765556 1.874591967 0.416451679 0.000000000 0.000000000 0.000000000 0.000000000 0.000000000 0.000000000 0.000000000 0.000000000 0.000000000 0.000000000 0.000000000 0.000000000 0.416451679 1.874591967 3.424765556 5.045597019 6.721524430 8.442877360 10.201200507 11.989776025 0.000000000 0.000000000 
0.000000000 0.000000000 11.177992395 9.336130768 7.518322282 5.729978903 3.978603174 2.273327244 0.630597883 0.000000000 0.000000000 0.000000000 0.000000000 0.000000000 0.000000000 0.000000000 0.000000000 0.000000000 0.000000000 0.000000000 0.000000000 0.000000000 0.000000000 0.630597883 2.273327244 3.978603174 5.729978903 7.518322282 9.336130768 11.177992395 0.000000000 0.000000000 
0.000000000 12.387340786 10.483626829 8.593823919 6.721632537 4.871133382 3.048143172 1.262354916 0.000000000 0.000000000 0.000000000 0.000000000 0.000000000 0.000000000 0.000000000 0.000000000 0.000000000 0.000000000 0.000000000 0.000000000 0.000000000 0.000000000 0.000000000 0.000000000 1.262354916 3.048143172 4.871133382 6.721632537 8.593823919 10.483626829 12.387340786 0.000000000 
0.000000000 11.855958251 9.915896855 7.984940416 6.064973301 4.159645862 2.272915322 0.416888567 0.000000000 0.000000000 0.000000000 0.000000000 0.000000000 0.000000000 0.000000000 0.000000000 0.000000000 0.000000000 0.000000000 0.000000000 0.000000000 0.000000000 0.000000000 0.000000000 0.416888567 2.272915322 4.159645862 6.064973301 7.984940416 9.915896855 11.855958251 0.000000000 
0.000000000 11.450961794 9.482204686 7.518531005 5.560608928 3.610874204 1.671830831 0.000000000 0.000000000 0.000000000 0.000000000 0.000000000 0.000000000 0.000000000 0.000000000 0.000000000 0.000000000 0.000000000 0.000000000 0.000000000 0.000000000 0.000000000 0.000000000 0.000000000 0.000000000 1.671830831 3.610874204 5.560608928 7.518531005 9.482204686 11.450961794 0.000000000 
0.000000000 11.177976309 9.189449254 7.202602889 5.218468945 3.237479429 1.261074408 0.000000000 0.000000000 0.000000000 0.000000000 0.000000000 0.000000000 0.000000000 0.000000000 0.000000000 0.000000000 0.000000000 0.000000000 0.000000000 0.000000000 0.000000000 0.000000000 0.000000000 0.000000000 1.261074408 3.237479429 5.218468945 7.202602889 9.189449254 11.177976309 0.000000000 
0.000000000 11.040524897 9.041666722 7.043415694 5.045205355 3.048185719 1.053410075 0.000000000 0.000000000 0.000000000 0.000000000 0.000000000 0.000000000 0.000000000 0.000000000 0.000000000 0.000000000 0.000000000 0.000000000 0.000000000 0.000000000 0.000000000 0.000000000 0.000000000 0.000000000 1.053410075 3.048185719 5.045205355 7.043415694 9.041666722 11.040524897 0.000000000 
0.000000000 11.040524897 9.041666722 7.043415694 5.045205355 3.048185719 1.053410075 0.000000000 0.000000000 0.000000000 0.000000000 0.000000000 0.000000000 0.000000000 0.000000000 0.000000000 0.000000000 0.000000000 0.000000000 0.000000000 0.000000000 0.000000000 0.000000000 0.000000000 0.000000000 1.053410075 3.048185719 5.045205355 7.043415694 9.041666722 11.040524897 0.000000000 
0.000000000 11.177976309 9.189449254 7.202602889 5.218468945 3.237479429 1.261074408 0.000000000 0.000000000 0.000000000 0.000000000 0.000000000 0.000000000 0.000000000 0.000000000 0.000000000 0.000000000 0.000000000 0.000000000 0.000000000 0.000000000 0.000000000 0.000000000 0.000000000 0.000000000 1.261074408 3.237479429 5.218468945 7.202602889 9.189449254 11.177976309 0.000000000 
0.000000000 11.450961794 9.482204686 7.518531005 5.560608928 3.610874204 1.671830831 0.000000000 0.000000000 0.000000000 0.000000000 0.000000000 0.000000000 0.000000000 0.000000000 0.000000000 0.000000000 0.000000000 0.000000000 0.000000000 0.000000000 0.000000000 0.000000000 0.000000000 0.000000000 1.671830831 3.610874204 5.560608928 7.518531005 9.482204686 11.450961794 0.000000000 
